

prec =

  50×13 table

           matters_BB2c10    matters_BM25b075    matters_DFR_BM25c10     DLH13      matters_IFB2c10    matters_InL2c10    matters_In_expC2c10    matters_LGDc10    matters_PL2c10     TF_IDF     CombMNZ     CombMAX     CombSUM 
           ______________    ________________    ___________________    ________    _______________    _______________    ___________________    ______________    ______________    ________    ________    ________    ________

    351     0.47917           0.41667             0.41667                0.39583     0.47917            0.41667            0.45833                0.45833             0.375           0.41667     0.41667     0.41667     0.41667
    352    0.085366          0.089431            0.089431               0.089431    0.085366           0.089431           0.085366               0.085366          0.077236          0.085366    0.089431    0.081301    0.089431
    353     0.47541           0.45902             0.46721                0.34426     0.47541            0.46721            0.47541                0.45082           0.30328           0.45902     0.46721     0.31148     0.46721
    354     0.13296           0.18837              0.1856                0.16343     0.16343             0.1662            0.18837               0.069252           0.19945           0.18837     0.19945     0.19668     0.19945
    355     0.15556           0.13333             0.13333                0.13333     0.15556            0.15556            0.15556                0.22222           0.13333           0.13333     0.15556         0.2     0.15556
    356           0                 0                   0                      0           0                  0                  0               0.058824                 0                 0           0           0           0
    357     0.37407           0.33704             0.33704                0.31852     0.36667            0.33704            0.35185                0.35185           0.29259           0.33704     0.33333     0.33704     0.33333
    358     0.31373           0.29412             0.29412                 0.2549     0.31373            0.27451             0.2549                0.23529            0.2549           0.29412     0.29412     0.23529     0.29412
    359    0.035714          0.035714            0.035714               0.071429    0.035714           0.035714           0.035714               0.035714          0.035714          0.035714    0.035714    0.035714    0.035714
    360     0.33775           0.35762             0.34437                0.33775     0.35762            0.28477            0.40397                0.25166           0.39073           0.34437     0.37086      0.2649     0.37086
    361     0.44444           0.44444             0.44444                0.44444     0.44444            0.44444            0.44444                0.33333           0.44444           0.44444     0.44444     0.33333     0.44444
    362     0.23077           0.23077             0.23077                0.20513     0.23077            0.23077            0.20513                0.15385           0.15385           0.23077     0.23077     0.10256     0.23077
    363       0.125             0.125               0.125                  0.125       0.125              0.125              0.125                 0.0625            0.0625             0.125       0.125      0.0625       0.125
    364     0.45714           0.45714             0.45714                0.48571     0.45714            0.45714            0.45714                0.45714           0.45714           0.45714     0.45714     0.45714     0.45714
    365     0.68571           0.65714             0.65714                0.68571     0.68571            0.68571            0.65714                0.68571               0.6           0.65714     0.68571     0.68571     0.68571
    366     0.49495           0.47475             0.47475                0.38384     0.49495            0.46465            0.49495                0.50505           0.36364           0.45455     0.45455     0.48485     0.45455
    367     0.16402           0.16402             0.16402                0.13228     0.16402            0.16402            0.16402                0.16402           0.16402           0.16402     0.15873     0.16402     0.15873
    368     0.42623           0.42623             0.42623                 0.5082     0.42623            0.44262            0.40984                0.57377           0.40984           0.42623     0.44262     0.52459     0.44262
    369     0.23077           0.23077             0.23077                0.23077     0.23077            0.23077            0.23077                0.23077           0.23077           0.23077     0.23077     0.23077     0.23077
    370     0.21429           0.24702                0.25                0.23512     0.23214            0.24107            0.24405                 0.2381           0.25893              0.25     0.24405      0.2381     0.24405
    371           0                 0                   0                      0           0                  0                  0                      0                 0                 0           0           0           0
    372     0.20408           0.18367             0.18367                0.10204     0.20408            0.18367            0.18367                0.14286          0.081633           0.16327     0.20408    0.081633     0.20408
    373     0.48485           0.48485             0.48485                0.45455     0.48485            0.48485            0.45455                0.39394           0.39394           0.48485     0.48485     0.42424     0.48485
    374     0.36765           0.37255             0.37255                0.35784     0.36765            0.36765            0.37745                0.29412           0.35784           0.37255     0.36765     0.30392     0.36765
    375        0.25             0.275               0.275                  0.325        0.25                0.3              0.225                   0.35            0.2625             0.275         0.3      0.3375         0.3
    376    0.039216          0.039216            0.039216               0.019608    0.039216           0.039216           0.039216                0.04902           0.04902           0.04902    0.039216    0.039216    0.039216
    377     0.30769           0.28205             0.28205                0.35897     0.30769            0.28205            0.28205                0.30769           0.28205           0.28205     0.30769     0.30769     0.30769
    378    0.030612          0.030612            0.040816               0.040816    0.030612           0.030612                  0               0.030612                 0          0.040816    0.030612           0    0.030612
    379      0.0625            0.0625              0.0625                 0.0625      0.0625             0.0625             0.0625                 0.0625            0.0625            0.0625      0.0625      0.0625      0.0625
    380     0.14286           0.28571             0.28571                0.14286     0.14286            0.28571            0.28571                0.14286           0.28571           0.28571     0.14286     0.14286     0.14286
    381    0.071429          0.071429            0.071429               0.071429    0.071429           0.071429           0.071429               0.071429          0.071429          0.071429    0.071429    0.071429    0.071429
    382     0.54545           0.54545             0.54545                    0.5     0.54545            0.54545            0.45455                0.54545           0.45455           0.54545     0.54545     0.54545     0.54545
    383     0.13014          0.075342            0.075342               0.082192     0.13014           0.075342            0.12329               0.089041          0.068493          0.082192    0.082192    0.082192    0.082192
    384     0.23529           0.21569             0.23529                0.21569     0.23529            0.23529            0.23529                0.21569           0.23529           0.23529      0.2549     0.21569      0.2549
    385     0.31395           0.30233             0.30233                 0.2907     0.31395            0.32558            0.26744                0.31395           0.26744           0.30233     0.31395     0.30233     0.31395
    386    0.052632          0.052632            0.052632               0.052632    0.052632           0.052632           0.052632               0.052632          0.052632          0.052632    0.052632    0.052632    0.052632
    387     0.12941           0.11765             0.12941                0.10588     0.12941            0.12941            0.12941                0.14118           0.11765           0.11765     0.11765     0.14118     0.11765
    388     0.11765          0.078431            0.078431               0.078431    0.098039           0.078431            0.11765               0.039216          0.078431          0.078431    0.078431    0.039216    0.078431
    389    0.087629          0.092784            0.087629               0.087629    0.087629           0.092784           0.082474               0.092784          0.072165          0.087629    0.087629    0.092784    0.087629
    390     0.13433           0.10448             0.10448                 0.1194     0.13433            0.11194             0.1194                 0.1194          0.097015           0.10448     0.12687      0.1194      0.1194
    391     0.21348           0.20787             0.20225                0.16292     0.21348            0.20225            0.21348                0.20787           0.19101           0.20225     0.20225     0.20787     0.20225
    392      0.4381           0.44762              0.4381                0.47619      0.4381             0.4381             0.4381                 0.4381            0.4381           0.44762     0.44762      0.4381     0.44762
    393     0.11268           0.11268             0.11268                0.11268     0.11268            0.11268            0.11268                0.11268          0.098592           0.11268     0.11268    0.098592     0.11268
    394           0          0.058824            0.058824                      0           0           0.058824                  0               0.058824                 0          0.058824    0.058824           0    0.058824
    395     0.21596           0.21596             0.21596                0.21596     0.21596            0.21596            0.21596                0.21596           0.21596           0.21596     0.21596     0.21596     0.21596
    396     0.33898           0.30508             0.30508                0.33898     0.33898            0.32203            0.32203                0.33898           0.27119           0.32203     0.33898     0.33898     0.33898
    397     0.40741           0.44444             0.44444                0.44444     0.40741            0.44444            0.40741                0.44444           0.40741           0.44444     0.44444     0.40741     0.44444
    398    0.082759          0.082759            0.082759               0.075862    0.082759           0.082759           0.082759               0.062069          0.062069          0.082759    0.075862    0.062069    0.075862
    399    0.088235           0.21569             0.22549                0.27451    0.088235            0.23529           0.068627                0.31373           0.18627           0.21569     0.10784     0.23529     0.11765
    400       0.488             0.424               0.432                   0.44       0.488               0.44              0.448                  0.464             0.384             0.424       0.448       0.464       0.448
rec =

  50×13 table

           matters_BB2c10    matters_BM25b075    matters_DFR_BM25c10     DLH13     matters_IFB2c10    matters_InL2c10    matters_In_expC2c10    matters_LGDc10    matters_PL2c10    TF_IDF     CombMNZ    CombMAX    CombSUM
           ______________    ________________    ___________________    _______    _______________    _______________    ___________________    ______________    ______________    _______    _______    _______    _______

    351       0.75           0.72917             0.72917                0.70833       0.75            0.72917               0.75                0.60417            0.72917          0.72917    0.79167    0.79167    0.79167
    352    0.11789           0.11789             0.11789                0.10976    0.11789            0.11789            0.11382                0.11789           0.097561          0.11789    0.12195    0.12195    0.12195
    353    0.58197           0.54098             0.54098                0.59016    0.58197            0.56557            0.58197                0.59016             0.5082          0.53279    0.59016    0.59016    0.59016
    354     0.3795            0.4072             0.41274                0.33795    0.39612             0.4072            0.36565                0.29363            0.35457          0.40443    0.43213    0.43213    0.43213
    355    0.46667           0.44444             0.48889                0.51111    0.44444            0.48889            0.44444                0.48889            0.42222          0.44444        0.6        0.6        0.6
    356    0.17647           0.17647             0.17647                0.17647    0.17647            0.17647            0.17647                0.17647            0.17647          0.17647    0.17647    0.17647    0.17647
    357    0.57778           0.53333             0.53333                0.53333    0.57037            0.53333            0.56667                0.55556            0.48889          0.54074    0.64074    0.64074    0.64074
    358    0.94118           0.90196             0.90196                0.94118    0.94118            0.94118            0.88235                0.98039            0.80392          0.90196    0.98039    0.98039    0.98039
    359    0.35714           0.35714             0.35714                0.39286    0.35714            0.35714            0.39286                0.42857            0.39286          0.35714    0.42857    0.42857    0.42857
    360    0.78146           0.75497             0.76159                 0.7351    0.78146            0.76821            0.78146                0.76821            0.74172          0.75497    0.80795    0.80795    0.80795
    361    0.77778           0.77778             0.77778                0.77778    0.77778            0.77778            0.77778                0.77778            0.77778          0.77778    0.77778    0.77778    0.77778
    362    0.64103           0.64103             0.64103                0.64103    0.64103            0.64103            0.64103                0.64103            0.58974          0.64103    0.64103    0.64103    0.64103
    363     0.9375            0.9375              0.9375                   0.75     0.9375              0.875             0.9375                 0.4375              0.875           0.9375     0.9375     0.9375     0.9375
    364    0.94286           0.94286             0.94286                0.94286    0.94286            0.94286            0.94286                0.94286            0.94286          0.94286    0.94286    0.94286    0.94286
    365    0.91429           0.91429             0.94286                      1    0.91429            0.97143            0.85714                      1            0.88571          0.88571          1          1          1
    366    0.91919           0.83838             0.83838                0.83838    0.91919            0.83838            0.91919                 0.9697            0.72727          0.79798     0.9697     0.9697     0.9697
    367    0.39153           0.39153             0.39153                0.39153    0.39153            0.39153            0.39153                0.39153            0.39153          0.39153    0.39153    0.39153    0.39153
    368    0.72131           0.70492             0.70492                0.72131    0.72131            0.70492            0.70492                 0.7377            0.70492          0.70492     0.7377     0.7377     0.7377
    369    0.69231           0.69231             0.69231                0.69231    0.69231            0.69231            0.69231                0.69231            0.69231          0.69231    0.69231    0.69231    0.69231
    370    0.44643           0.47024             0.47619                0.44048     0.4494            0.47321            0.41667                0.47917            0.47321          0.45833    0.51786    0.51786    0.51786
    371    0.29412           0.29412             0.29412                0.29412    0.29412            0.29412            0.29412                0.29412            0.29412          0.29412    0.29412    0.29412    0.29412
    372    0.71429            0.4898              0.4898                0.42857    0.71429             0.4898            0.71429                0.44898            0.44898          0.46939    0.73469    0.73469    0.73469
    373    0.78788           0.78788             0.78788                0.78788    0.78788            0.78788            0.78788                0.78788            0.78788          0.78788    0.78788    0.78788    0.78788
    374    0.73039           0.69118             0.69608                0.78431    0.73039            0.71569            0.69608                0.89216            0.67157          0.69118    0.89216    0.89216    0.89216
    375     0.5875             0.575               0.575                  0.575     0.5875              0.575              0.575                  0.625             0.5125           0.5625     0.6375     0.6375     0.6375
    376    0.17647           0.18627             0.17647                0.17647    0.17647            0.18627            0.17647                0.17647            0.14706          0.18627    0.19608    0.19608    0.19608
    377    0.84615           0.87179             0.87179                0.94872    0.84615            0.87179            0.84615                0.97436            0.87179          0.87179    0.97436    0.97436    0.97436
    378    0.18367           0.18367             0.18367                0.19388    0.18367            0.18367            0.17347                0.22449            0.14286          0.18367    0.23469    0.23469    0.23469
    379     0.3125            0.3125              0.3125                  0.375     0.3125             0.3125             0.3125                 0.3125             0.3125           0.3125      0.375      0.375      0.375
    380    0.85714           0.85714             0.85714                0.85714    0.85714            0.85714            0.71429                0.85714            0.85714          0.85714    0.85714    0.85714    0.85714
    381    0.32143           0.28571             0.28571                0.28571    0.28571            0.32143            0.28571                0.28571               0.25          0.28571    0.32143    0.32143    0.32143
    382    0.90909           0.86364             0.86364                0.90909    0.95455            0.90909            0.90909                0.90909            0.86364          0.86364    0.95455    0.95455    0.95455
    383    0.21233           0.21918             0.21918                0.23973    0.21918            0.21233            0.21918                0.22603            0.21233          0.21918    0.25342    0.25342    0.25342
    384          1                 1                   1                      1          1            0.98039                  1                      1            0.98039                1          1          1          1
    385    0.68605           0.68605             0.68605                 0.7093    0.68605            0.68605            0.67442                0.72093            0.66279          0.68605    0.72093    0.72093    0.72093
    386    0.57895           0.52632             0.52632                0.63158    0.52632            0.52632            0.52632                0.57895            0.52632          0.52632    0.68421    0.68421    0.68421
    387        0.8               0.8                 0.8                0.81176        0.8                0.8                0.8                0.82353            0.76471              0.8    0.84706    0.84706    0.84706
    388    0.37255           0.29412             0.29412                0.27451    0.35294            0.33333            0.35294                0.29412            0.29412          0.29412    0.41176    0.41176    0.41176
    389    0.15979           0.14948             0.14948                0.16495    0.15464            0.15464            0.14948                0.16495            0.13402          0.14948    0.16495    0.16495    0.16495
    390    0.29104           0.26119             0.26119                0.23134    0.29104            0.26119            0.27612                0.20896            0.26119          0.26119    0.29851    0.29851    0.29851
    391    0.51685               0.5                 0.5                0.41573    0.51124            0.49438            0.46067                0.47753             0.3764          0.49438    0.52809    0.52809    0.52809
    392    0.99048           0.99048             0.99048                0.99048    0.99048            0.99048            0.99048                0.99048            0.99048          0.99048    0.99048    0.99048    0.99048
    393    0.19718           0.21127             0.21127                0.19718    0.21127            0.21127            0.19718                0.21127            0.19718          0.21127    0.21127    0.21127    0.21127
    394    0.23529           0.23529             0.23529                0.17647    0.23529            0.23529            0.23529                0.23529            0.23529          0.23529    0.23529    0.23529    0.23529
    395     0.5446            0.5446              0.5446                0.57746     0.5446             0.5446             0.5446                 0.5446             0.5446           0.5446    0.58685    0.58685    0.58685
    396    0.38983           0.38983             0.38983                0.38983    0.38983            0.38983            0.38983                0.40678            0.38983          0.38983    0.40678    0.40678    0.40678
    397    0.44444           0.92593             0.92593                0.92593    0.44444            0.88889            0.55556                0.81481            0.92593          0.92593    0.92593    0.92593    0.92593
    398    0.22069            0.1931              0.1931                0.25517    0.22069                0.2            0.21379                0.26897            0.17241           0.1931    0.26897    0.26897    0.26897
    399    0.15686           0.28431             0.28431                0.38235    0.15686            0.28431            0.12745                0.39216            0.29412          0.28431    0.40196    0.40196    0.40196
    400      0.824             0.808                 0.8                  0.808      0.824              0.808              0.768                  0.808              0.768              0.8      0.856      0.856      0.856